barCurrent
  15 10
  0.1982
  -23.0137  -37.3147  -9.97886  -0.0420375  18.1907  17.5132  38.0761  32.3201  31.5016  19.0812  5.55697  -2.6438  -25.2554  -30.9277  -33.0636  
  0.1984
  -28.904  -34.2423  -9.88037  -2.83215  15.9765  21.8473  38.5964  28.6171  34.4326  18.9744  7.06893  -6.18141  -21.6954  -30.9847  -30.7929  
  0.1986
  -32.5545  -29.9406  -10.0972  -7.02487  17.0301  26.7817  35.6109  26.8903  36.4653  21.2824  5.77705  -7.70694  -19.0285  -28.9819  -34.5032  
  0.1988
  -32.1807  -27.5651  -9.87777  -8.04071  20.2031  26.6741  35.1655  23.3561  40.4596  19.2281  6.17124  -9.93804  -15.5313  -31.9284  -36.1958  
  0.199
  -34.8516  -24.3905  -12.536  -3.51053  16.6311  27.1168  31.2823  25.7732  40.3805  16.173  8.88938  -9.5191  -14.788  -36.6222  -30.0284  
  0.1992
  -35.7779  -26.2229  -13.6472  -1.25787  14.0815  24.7756  31.0414  32.2687  34.7427  16.671  12.221  -7.51222  -19.9271  -33.2767  -28.18  
  0.1994
  -38.5597  -27.1459  -13.2057  1.2948  12.0078  24.0051  35.9577  31.9158  32.7552  14.7363  15.2362  -10.8628  -20.9278  -33.6441  -23.5631  
  0.1996
  -42.4704  -23.0279  -15.5221  2.75482  8.81442  29.6386  31.7619  34.4726  29.1395  16.3829  13.772  -10.6746  -21.425  -31.2532  -22.3635  
  0.1998
  -39.1384  -22.2139  -18.5695  0.378471  11.8312  29.8868  29.0609  35.7186  28.7674  20.3976  10.473  -8.63264  -19.7987  -28.3914  -29.7695  
  0.2
  -35.5535  -20.5049  -22.2368  1.35669  14.7142  29.4314  25.8854  36.3398  32.2048  20.4674  7.74923  -7.25709  -16.798  -33.0445  -32.754  
