barEmf
  15 10
  0.1982
  0.000817546  -0.00258442  -0.00133333  -0.00196434  -0.000422276  -0.00193553  0.000440999  0.000254977  0.00141139  0.00154063  0.00126862  0.00222798  0.000805258  0.000261032  -0.000788536  
  0.1984
  3.49648e-005  -0.0023013  -0.00112604  -0.0020821  -0.00108159  -0.00156346  0.000699055  -0.000320381  0.00158472  0.00147863  0.0016779  0.00168721  0.0011656  0.00022636  -7.95814e-005  
  0.1986
  -0.000607685  -0.00197057  -0.000845618  -0.00254427  -0.0013401  -0.000910453  0.000560445  -0.000595708  0.0015515  0.00181569  0.00167829  0.0014143  0.00123938  0.000742384  -0.000187594  
  0.1988
  -0.000744863  -0.00184441  -0.000771438  -0.00277714  -0.000944352  -0.00087706  0.000864096  -0.00114215  0.00207758  0.00158178  0.00186435  0.000957084  0.00171564  0.000491969  -0.000451086  
  0.199
  -0.00111793  -0.00132326  -0.00129874  -0.00199796  -0.00126959  -0.000579075  0.000260467  -0.00091436  0.00221938  0.0010363  0.00199345  0.000977877  0.00207815  -0.000414295  0.000349588  
  0.1992
  -0.00095068  -0.00143618  -0.00156627  -0.00172352  -0.00134824  -0.000895651  -0.000286132  7.71454e-005  0.00167958  0.000844153  0.00214728  0.00161595  0.0013703  -0.00013589  0.000608148  
  0.1994
  -0.00117932  -0.00160975  -0.00174452  -0.00138477  -0.00144128  -0.0012658  0.000328266  0.000223903  0.00179569  0.000518559  0.00265552  0.00130854  0.00130091  -0.000632482  0.00112653  
  0.1996
  -0.00181662  -0.00101867  -0.00199226  -0.00104297  -0.00213367  -0.000373992  -0.000282201  0.000655048  0.00132221  0.000769771  0.00241821  0.00134619  0.00109082  -0.000446723  0.00150485  
  0.1998
  -0.0015249  -0.000720521  -0.00206831  -0.001593  -0.00188573  -0.000269662  -0.000654678  0.000656685  0.000981977  0.00137843  0.00203049  0.00144615  0.00114712  0.000478924  0.000597022  
  0.2
  -0.00143818  -0.000340302  -0.0024612  -0.0016808  -0.00157472  -2.78306e-005  -0.00092409  0.000444846  0.00135769  0.00159693  0.00174513  0.00133133  0.00176847  0.000166568  3.61678e-005  
