barFlux
  15 10
  0.1982
  -0.000240765  -0.00016717  -5.76863e-005  5.50314e-005  0.000163396  0.00023579  0.00026396  0.000258989  0.00021041  0.000114812  1.94164e-006  -0.000111201  -0.000205536  -0.000254164  -0.000267807  
  0.1984
  -0.000240758  -0.000167631  -5.79115e-005  5.4615e-005  0.000163179  0.000235478  0.0002641  0.000258925  0.000210727  0.000115107  2.27722e-006  -0.000110863  -0.000205303  -0.000254119  -0.000267823  
  0.1986
  -0.000240879  -0.000168025  -5.80806e-005  5.41061e-005  0.000162911  0.000235296  0.000264212  0.000258806  0.000211037  0.000115471  2.61288e-006  -0.00011058  -0.000205055  -0.00025397  -0.00026786  
  0.1988
  -0.000241028  -0.000168394  -5.82349e-005  5.35507e-005  0.000162722  0.00023512  0.000264384  0.000258577  0.000211453  0.000115787  2.98575e-006  -0.000110389  -0.000204712  -0.000253872  -0.00026795  
  0.199
  -0.000241252  -0.000168658  -5.84946e-005  5.31511e-005  0.000162468  0.000235004  0.000264437  0.000258395  0.000211896  0.000115994  3.38444e-006  -0.000110193  -0.000204296  -0.000253955  -0.00026788  
  0.1992
  -0.000241442  -0.000168946  -5.88079e-005  5.28064e-005  0.000162199  0.000234825  0.000264379  0.00025841  0.000212232  0.000116163  3.81389e-006  -0.00010987  -0.000204022  -0.000253982  -0.000267759  
  0.1994
  -0.000241678  -0.000169268  -5.91568e-005  5.25295e-005  0.00016191  0.000234572  0.000264445  0.000258455  0.000212591  0.000116267  4.345e-006  -0.000109609  -0.000203762  -0.000254109  -0.000267533  
  0.1996
  -0.000242041  -0.000169471  -5.95552e-005  5.23209e-005  0.000161484  0.000234497  0.000264388  0.000258586  0.000212856  0.000116421  4.82864e-006  -0.000109339  -0.000203544  -0.000254198  -0.000267232  
  0.1998
  -0.000242346  -0.000169615  -5.99689e-005  5.20023e-005  0.000161107  0.000234443  0.000264258  0.000258717  0.000213052  0.000116696  5.23474e-006  -0.00010905  -0.000203314  -0.000254102  -0.000267113  
  0.2
  -0.000242634  -0.000169683  -6.04611e-005  5.16661e-005  0.000160792  0.000234438  0.000264073  0.000258806  0.000213324  0.000117016  5.58376e-006  -0.000108784  -0.000202961  -0.000254069  -0.000267106  
