endRingCurrent
  15 10
  0.1982
  33.6908  71.0055  80.9844  81.0264  62.8358  45.3225  7.24647  -25.0737  -56.5753  -75.6564  -81.2134  -78.5696  -53.3142  -22.3865  10.6771  
  0.1984
  35.7561  69.9984  79.8787  82.7109  66.7344  44.8871  6.2907  -22.3264  -56.759  -75.7334  -82.8023  -76.6209  -54.9255  -23.9408  6.8521  
  0.1986
  39.1663  69.1069  79.2041  86.229  69.1988  42.4171  6.80627  -20.084  -56.5493  -77.8317  -83.6088  -75.9018  -56.8733  -27.8914  6.61179  
  0.1988
  41.6365  69.2015  79.0793  87.12  66.9169  40.2428  5.07731  -18.2788  -58.7384  -77.9666  -84.1378  -74.1998  -58.6684  -26.7401  9.45574  
  0.199
  42.2474  66.6379  79.1739  82.6844  66.0533  38.9365  7.65418  -18.119  -58.4995  -74.6726  -83.5619  -74.0428  -59.2548  -22.6326  7.39581  
  0.1992
  40.0209  66.2437  79.8909  81.1488  67.0673  42.2917  11.2503  -21.0184  -55.7611  -72.4321  -84.6531  -77.1409  -57.2138  -23.9371  4.24294  
  0.1994
  40.7803  67.9262  81.1318  79.837  67.8292  43.8241  7.86639  -24.0494  -56.8047  -71.541  -86.7772  -75.9144  -54.9866  -21.3425  2.22061  
  0.1996
  42.8769  65.9047  81.4268  78.672  69.8576  40.219  8.45712  -26.0155  -55.155  -71.5379  -85.3099  -74.6353  -53.2102  -21.957  0.406441  
  0.1998
  41.6064  63.8203  82.3898  82.0113  70.1801  40.2933  11.2324  -24.4862  -53.2536  -73.6513  -84.1243  -75.4917  -55.6929  -27.3015  2.46797  
  0.2
  41.9139  62.4187  84.6556  83.2989  68.5847  39.1534  13.268  -23.0718  -55.2766  -75.744  -83.4932  -76.2362  -59.4381  -26.3936  6.36041  
