PhaseC
  5 10
  0.1982
  0  309.997  0.261382  0.0442006  298.961  
  0.1984
  0  310.201  0.297018  0.103709  297.543  
  0.1986
  0  309.181  0.33296  0.162909  295.999  
  0.1988
  0  306.941  0.365842  0.221442  292.666  
  0.199
  0  303.489  0.391775  0.279089  288.235  
  0.1992
  0  298.839  0.419043  0.335781  283.458  
  0.1994
  0  293.011  0.448866  0.391088  276.535  
  0.1996
  0  286.026  0.472841  0.444873  268.924  
  0.1998
  0  277.912  0.496064  0.497  260.637  
  0.2
  0  268.701  0.520407  0.547116  250.578  
