PhaseA
  5 10
  0.1982
  0  -166.25  -0.613674  -0.848088  -147.645  
  0.1984
  0  -149.473  -0.613351  -0.874383  -131.474  
  0.1986
  0  -132.106  -0.612424  -0.897086  -113.514  
  0.1988
  0  -114.218  -0.614055  -0.916211  -95.6265  
  0.199
  0  -95.8784  -0.606609  -0.931868  -78.2834  
  0.1992
  0  -77.1608  -0.59392  -0.943743  -59.3738  
  0.1994
  0  -58.1386  -0.58879  -0.951795  -40.2646  
  0.1996
  0  -38.887  -0.577372  -0.956135  -21.6984  
  0.1998
  0  -19.482  -0.557786  -0.956673  -2.68973  
  0.2
  0  1.44465e-012  -0.542102  -0.95339  16.414  
