PhaseB
  5 10
  0.1982
  0  -143.746  0.352292  0.805449  -155.344  
  0.1984
  0  -160.728  0.316334  0.771194  -171.272  
  0.1986
  0  -177.075  0.279464  0.734044  -185.752  
  0.1988
  0  -192.723  0.248214  0.693892  -200.759  
  0.199
  0  -207.61  0.214834  0.650912  -214.901  
  0.1992
  0  -221.679  0.174877  0.605586  -226.63  
  0.1994
  0  -234.872  0.139924  0.557801  -238.926  
  0.1996
  0  -247.139  0.104531  0.507778  -250.114  
  0.1998
  0  -258.43  0.0617218  0.455939  -259.197  
  0.2
  0  -268.701  0.0216954  0.402277  -268.308  
